      L22222222222L                           L22222222222L
      2           8                           0           2
      2           8                           0           2
      2           8                           0           2
      2           8                           0           2
      2           8                           0           2
      2           8 R8888888R         L000000000L         2
      2           8 2       8         0       0 0         2
      2           R22222222282L       0       0 0         2
      2             2       8 8       0       0 0         2
      2             2       8 8     L000000000R 0         2
      2             2       8 8     0 0         0         2
      L000000000R   2       8 8     0 0         0 R8888888L
                0   2       8 8     0 0         0 0        
                0   2       L22222222222R       0 0        
                0   2         8     0 0 8       0 0        
                0   2         R8888888R 8       R000000000L
                0   2               0   8         0       2
            ^8888888L               0   8         0       2
                0                   0   8         0       2
                0                   L000800000R   0       2
                0                       8     8   0       2
        L8888888R                       L000000000L       2
        2                                     8           2
        2                                     8           2
        2                                     8           2
        2                                     8           2
        2                                     8           2
        2                                     L22222222222L
        2                                                  
        2                                                  
        2                                                  
        2                                                  
        2                                                  
88888888R                                                  


R8 L12 R8 R8 L12 R8 L10 L10 R8 L12 L12 L10 R10 L10 R10 L10 L10 R8 L12 L12 L10 R10 L10 L10 R8 R8 L12 R8 L12 L12 L10 L10 R8 L12 R8

L12
